Name Code Northings Eastings Elevation Longitude Latitude H Antenna_offset Solution Satellites PDOP Horizontal_error Vertical_error Time HRMS VRMS
2 set1 4092027.94213 597216.16567 3.77 -121.9078466293 36.9693356839 -29.491 0 Fix 12 1.672 0.01 0.02 "2024-10-23 10:04:09" NaN NaN
3 set1 4092022.43098 597246.04334 3.631 -121.9075117406 36.9692829251 -29.63 0 Fix 11 2.286 0.013 0.027 "2024-10-23 10:08:56" NaN NaN
4 set1 4092027.6587 597277.58287 3.092 -121.907156802 36.9693267812 -30.167 0 Fix 12 1.682 0.01 0.019 "2024-10-23 10:09:38" NaN NaN
5 set1 4091992.33234 597278.43247 3.751 -121.9071518111 36.9690083027 -29.511 0 Fix 12 1.682 0.01 0.021 "2024-10-23 10:10:21" NaN NaN
6 set1 4092041.14828 597225.00993 3.578 -121.907745586 36.9694537949 -29.681 0 Fix 13 1.601 0.014 0.025 "2024-10-23 10:33:26" NaN NaN
7 set2 4091982.14423 597294.85945 3.74 -121.9069686103 36.9689147804 -29.522 0 Fix 12 1.828 0.015 0.031 "2024-10-23 10:37:37" NaN NaN
8 set2 4092019.4409 597308.40959 2.73 -121.9068116028 36.9692495276 -30.53 0 Fix 12 1.856 0.017 0.034 "2024-10-23 10:39:35" NaN NaN
10 set2 4091975.21152 597308.41656 3.747 -121.9068172256 36.968850895 -29.516 0 Fix 12 1.875 0.014 0.028 "2024-10-23 10:40:58" NaN NaN
11 set2 4091996.18731 597321.94671 2.868 -121.9066625461 36.9690385468 -30.393 0 Fix 12 1.885 0.014 0.028 "2024-10-23 10:41:42" NaN NaN
12 set2 4091968.57371 597331.7075 3.581 -121.9065564696 36.9687886603 -29.681 0 Fix 12 1.894 0.014 0.028 "2024-10-23 10:42:25" NaN NaN
13 set3 4091990.31456 597390.67947 3.686 -121.9058912719 36.9689785043 -29.574 0 Fix 12 1.948 0.015 0.031 "2024-10-23 10:47:40" NaN NaN
14 set3 4091969.42892 597365.39865 3.024 -121.906177929 36.9687928821 -30.238 0 Fix 12 1.957 0.023 0.047 "2024-10-23 10:48:51" NaN NaN
15 set3 4091977.572 597340.13425 3.201 -121.9064606572 36.9688688885 -30.061 0 Fix 12 1.96 0.018 0.038 "2024-10-23 10:49:25" NaN NaN
16 set3 4091955.69693 597345.62914 3.702 -121.9064017574 36.9686711637 -29.561 0 Fix 12 1.963 0.016 0.032 "2024-10-23 10:49:57" NaN NaN
17 set3 4091949.17793 597371.19752 3.524 -121.9061154061 36.9686097633 -29.739 0 Fix 11 2.052 0.017 0.035 "2024-10-23 10:50:44" NaN NaN
18 set4 4091983.80334 597417.87829 4.244 -121.9055866052 36.9689170039 -29.017 0 Fix 12 1.974 0.023 0.047 "2024-10-23 10:54:50" NaN NaN
19 set4 4091958.74474 597432.16506 3.601 -121.9054293653 36.9686896757 -29.661 0 Fix 12 1.972 0.019 0.04 "2024-10-23 10:56:09" NaN NaN
20 set4 4091939.19834 597401.74161 3.089 -121.905773613 36.9685166574 -30.175 0 Fix 12 1.967 0.014 0.028 "2024-10-23 10:57:37" NaN NaN
21 set4 4091929.95344 597433.44867 2.713 -121.9054186633 36.9684300517 -30.55 0 Fix 12 1.963 0.016 0.034 "2024-10-23 10:58:29" NaN NaN
22 set4 4091918.81055 597403.30671 2.93 -121.9057586638 36.9683327437 -30.334 0 Fix 12 1.96 0.016 0.032 "2024-10-23 10:59:13" NaN NaN
23 set5 4091898.2449 597500.65377 2.676 -121.904667892 36.968137306 -30.588 0 Fix 11 2.15 0.012 0.026 "2024-10-23 11:04:48" NaN NaN
24 set5 4091896.29342 597480.71666 2.918 -121.9048920823 36.9681217836 -30.347 0 Fix 12 1.896 0.012 0.025 "2024-10-23 11:06:22" NaN NaN
25 set5 4091917.33917 597468.14545 2.565 -121.905030568 36.9683127676 -30.699 0 Fix 12 1.89 0.012 0.025 "2024-10-23 11:06:56" NaN NaN
26 set5 4091890.4218 597455.71752 3.315 -121.9051736363 36.9680714534 -29.95 0 Fix 12 1.882 0.015 0.032 "2024-10-23 11:07:35" NaN NaN
27 set5 4091877.66926 597477.75462 3.353 -121.9049277573 36.9679542341 -29.913 0 Fix 12 1.874 0.016 0.038 "2024-10-23 11:08:15" NaN NaN
28 set6 4092035.11349 597204.53144 3.893 -121.9079763865 36.9694015204 -29.367 0 Fix 11 2.655 0.013 0.033 "2024-10-23 11:19:05" NaN NaN
29 set6 4092049.4671 597211.61478 3.637 -121.907894975 36.9695301552 -29.623 0 Fix 11 2.658 0.016 0.038 "2024-10-23 11:19:38" NaN NaN
30 set6 4092048.93905 597197.53223 3.778 -121.9080532245 36.969526851 -29.481 0 Fix 11 2.664 0.014 0.034 "2024-10-23 11:22:48" NaN NaN
31 set6 4092062.62115 597190.14715 3.563 -121.9081344155 36.9696509284 -29.696 0 Fix 11 2.663 0.02 0.048 "2024-10-23 11:23:28" NaN NaN
32 set6 4092050.40337 597177.54339 3.741 -121.9082775597 36.9695421135 -29.518 0 Fix 11 2.661 0.017 0.041 "2024-10-23 11:24:15" NaN NaN
33 set7 4092061.3788 597158.15541 3.639 -121.9084939216 36.9696430356 -29.62 0 Fix 11 2.641 0.014 0.033 "2024-10-23 11:28:14" NaN NaN
34 set7 4092080.35206 597160.98688 3.457 -121.9084596753 36.9698137461 -29.801 0 Fix 11 2.637 0.014 0.032 "2024-10-23 11:28:51" NaN NaN
35 set7 4092079.66334 597140.76656 3.656 -121.9086868886 36.9698096267 -29.603 0 Fix 11 2.632 0.013 0.03 "2024-10-23 11:29:29" NaN NaN
36 set7 4092084.54366 597117.63152 3.695 -121.9089461248 36.9698560008 -29.564 0 Fix 11 2.626 0.013 0.03 "2024-10-23 11:30:06" NaN NaN
37 set7 4092105.33063 597125.05783 3.462 -121.9088600343 36.9700425837 -29.795 0 Fix 11 2.617 0.016 0.037 "2024-10-23 11:31:02" NaN NaN
38 set8 4092100.6244 597090.0195 3.719 -121.9092542087 36.9700037838 -29.539 0 Fix 11 2.572 0.019 0.043 "2024-10-23 11:35:08" NaN NaN
39 set8 4092113.74322 597102.06094 3.43 -121.9091172654 36.9701207788 -29.827 0 Fix 11 2.563 0.019 0.043 "2024-10-23 11:35:54" NaN NaN
40 set8 4092117.60819 597075.07188 3.456 -121.9094199242 36.9701583984 -29.801 0 Fix 11 2.553 0.02 0.044 "2024-10-23 11:36:38" NaN NaN
41 set8 4092120.77978 597054.76292 3.645 -121.9096476378 36.9701890788 -29.613 0 Fix 11 2.544 0.02 0.045 "2024-10-23 11:37:19" NaN NaN
42 set8 4092134.95792 597058.02843 3.461 -121.9096091348 36.9703165272 -29.796 0 Fix 11 2.531 0.012 0.025 "2024-10-23 11:38:22" NaN NaN
43 set9 4092131.64836 597035.54033 3.593 -121.9098621595 36.9702890184 -29.664 0 Fix 11 2.478 0.011 0.024 "2024-10-23 11:42:10" NaN NaN
44 set9 4092144.70007 597041.95194 3.398 -121.9097884628 36.97040599 -29.859 0 Fix 11 2.466 0.011 0.024 "2024-10-23 11:43:01" NaN NaN
46 set9 4092153.0207 597017.93884 3.497 -121.9100571226 36.9704834591 -29.759 0 Fix 11 2.439 0.012 0.024 "2024-10-23 11:44:51" NaN NaN
47 set9 4092158.14264 596995.85382 3.843 -121.9103045366 36.9705318997 -29.413 0 Fix 11 2.43 0.012 0.024 "2024-10-23 11:45:29" NaN NaN
48 set9 4092170.24714 596995.75866 3.76 -121.9103040502 36.9706410053 -29.495 0 Fix 11 2.392 0.011 0.023 "2024-10-23 11:48:05" NaN NaN
49 set10 4092170.77395 596978.65707 3.945 -121.9104960782 36.9706475165 -29.311 0 Fix 13 1.954 0.011 0.023 "2024-10-23 11:56:33" NaN NaN
50 set10 4092183.35536 596981.06878 3.869 -121.9104673719 36.9707606621 -29.386 0 Fix 13 1.952 0.011 0.022 "2024-10-23 11:57:21" NaN NaN
51 set10 4092178.92895 596960.15247 3.772 -121.910702886 36.9707229235 -29.483 0 Fix 13 1.712 0.012 0.023 "2024-10-23 11:58:21" NaN NaN
52 set10 4092186.54413 596941.08 3.658 -121.910916142 36.9707935234 -29.597 0 Fix 14 1.713 0.012 0.022 "2024-10-23 11:59:01" NaN NaN
53 set10 4092196.68223 596944.37452 3.479 -121.9108778339 36.970884557 -29.776 0 Fix 13 1.794 0.014 0.023 "2024-10-23 11:59:27" NaN NaN
