Name Code Northings Eastings Elevation Longitude Latitude H Antenna_offset Solution Satellites PDOP Horizontal_error Vertical_error Time HRMS VRMS
10 set1 4091884.10039 597525.17884 5.957 -121.9043942479 36.9680072822 -27.308 0 Fix 13 1.537 0.01 0.018 "2025-01-23 09:20:50" NaN NaN
11 set1 4091908.15677 597484.86204 4.907 -121.9048439886 36.9682282763 -28.356 0 Fix 13 1.535 0.01 0.018 "2025-01-23 09:21:50" NaN NaN
12 set1 4091935.28538 597466.19881 5.153 -121.9050501162 36.9684747154 -28.11 0 Fix 13 1.533 0.01 0.019 "2025-01-23 09:22:36" NaN NaN
13 set1 4091951.49195 597432.09832 4.936 -121.905431051 36.9686243144 -28.327 0 Fix 14 1.387 0.01 0.018 "2025-01-23 09:23:23" NaN NaN
14 set1 4091975.67255 597400.05076 5.227 -121.9057878993 36.9688455682 -28.034 0 Fix 14 1.378 0.009 0.017 "2025-01-23 09:25:07" NaN NaN
15 set2 4092010.89188 597382.66184 5.893 -121.9059786745 36.969164794 -27.367 0 Fix 14 1.448 0.009 0.016 "2025-01-23 09:30:42" NaN NaN
16 set2 4091982.92327 597416.13085 6.083 -121.9056063466 36.9689092529 -27.178 0 Fix 14 1.446 0.009 0.016 "2025-01-23 09:31:26" NaN NaN
17 set2 4091964.75954 597432.70658 5.936 -121.9054225064 36.9687438299 -27.326 0 Fix 14 1.444 0.009 0.016 "2025-01-23 09:32:16" NaN NaN
18 set2 4091973.27503 597437.94722 6.451 -121.9053625428 36.9688200359 -26.81 0 Fix 14 1.443 0.009 0.017 "2025-01-23 09:32:40" NaN NaN
19 set2 4091964.26724 597464.37718 6.154 -121.9050668356 36.9687361125 -27.107 0 Fix 14 1.439 0.009 0.016 "2025-01-23 09:33:43" NaN NaN
20 set3 4091971.62329 597390.89492 4.913 -121.9058912632 36.9688100207 -28.348 0 Fix 14 1.429 0.009 0.017 "2025-01-23 09:36:38" NaN NaN
21 set3 4091994.6427 597362.73718 5.424 -121.9062045717 36.9690204051 -27.836 0 Fix 14 1.425 0.01 0.018 "2025-01-23 09:37:34" NaN NaN
22 set3 4092008.56616 597350.21833 5.221 -121.9063433925 36.9691471903 -28.039 0 Fix 14 1.422 0.009 0.018 "2025-01-23 09:38:10" NaN NaN
23 set3 4092021.335 597359.6658 6.599 -121.9062356281 36.9692612961 -26.66 0 Fix 14 1.419 0.009 0.018 "2025-01-23 09:38:46" NaN NaN
24 set3 4092031.13698 597341.10043 6.911 -121.9064428979 36.9693515607 -26.347 0 Fix 14 1.417 0.01 0.018 "2025-01-23 09:39:15" NaN NaN
25 set4 4092037.93856 597315.97147 6.885 -121.9067242802 36.9694154618 -26.374 0 Fix 15 1.272 0.01 0.018 "2025-01-23 09:41:42" NaN NaN
26 set4 4092006.62836 597328.49492 4.627 -121.9065876481 36.9691319728 -28.633 0 Fix 15 1.269 0.009 0.017 "2025-01-23 09:42:46" NaN NaN
27 set4 4091987.83795 597327.10737 4.834 -121.9066056561 36.9689627615 -28.427 0 Fix 15 1.268 0.011 0.021 "2025-01-23 09:43:13" NaN NaN
28 set4 4092001.53198 597304.02314 4.972 -121.9068631815 36.9690885713 -28.289 0 Fix 15 1.266 0.011 0.02 "2025-01-23 09:43:43" NaN NaN
29 set4 4092021.03645 597307.48296 4.97 -121.9068218054 36.9692640039 -28.29 0 Fix 15 1.265 0.012 0.022 "2025-01-23 09:44:12" NaN NaN
30 set5 4092042.52555 597284.05432 6.777 -121.9070821962 36.9694601044 -26.482 0 Fix 13 1.629 0.012 0.022 "2025-01-23 09:46:22" NaN NaN
31 set5 4092012.44117 597284.3364 5.112 -121.9070829046 36.9691889298 -28.148 0 Fix 15 1.255 0.01 0.019 "2025-01-23 09:47:15" NaN NaN
32 set5 4092029.42751 597276.68671 5.776 -121.9071666402 36.9693428158 -27.484 0 Fix 14 1.358 0.011 0.021 "2025-01-23 09:47:50" NaN NaN
33 set5 4092030.831 597265.46127 5.72 -121.9072925482 36.9693566258 -27.54 0 Fix 12 1.603 0.011 0.02 "2025-01-23 09:48:14" NaN NaN
34 set5 4092017.12611 597253.45002 5.009 -121.9074292292 36.9692343476 -28.251 0 Fix 13 1.429 0.01 0.02 "2025-01-23 09:48:42" NaN NaN
35 set6 4092032.04666 597245.57203 5.102 -121.907515796 36.9693696383 -28.158 0 Fix 12 1.757 0.011 0.021 "2025-01-23 09:51:22" NaN NaN
36 set6 4092039.82984 597232.43994 5.139 -121.9076622987 36.9694411441 -28.12 0 Fix 12 1.752 0.011 0.021 "2025-01-23 09:51:56" NaN NaN
38 set6 4092030.86813 597221.04869 4.872 -121.9077914043 36.969361551 -28.388 0 Fix 13 1.548 0.011 0.02 "2025-01-23 09:52:45" NaN NaN
39 set6 4092024.82358 597233.35865 4.414 -121.9076539122 36.9693058003 -28.847 0 Fix 13 1.547 0.011 0.02 "2025-01-23 09:53:10" NaN NaN
92 set17 4092010.3098 597225.59961 3.329 -121.9077429342 36.9691757918 -29.932 0 Fix 15 1.346 0.009 0.014 "2025-01-23 10:41:21" NaN NaN
93 set17 4092019.85853 597231.30705 4.066 -121.9076775961 36.9692612631 -29.195 0 Fix 16 1.347 0.009 0.014 "2025-01-23 10:41:43" NaN NaN
94 set17 4092014.41697 597244.7044 4.501 -121.9075278126 36.9692108346 -28.76 0 Fix 16 1.347 0.009 0.014 "2025-01-23 10:42:09" NaN NaN
95 set17 4092006.18793 597236.05393 3.337 -121.907626038 36.9691375617 -29.924 0 Fix 16 1.347 0.009 0.014 "2025-01-23 10:42:33" NaN NaN
96 set17 4092001.62093 597244.37742 3.316 -121.9075331336 36.9690955398 -29.946 0 Fix 16 1.347 0.009 0.014 "2025-01-23 10:42:57" NaN NaN
97 set18 4091998.38716 597259.00728 4.069 -121.907369222 36.9690648821 -29.193 0 Fix 16 1.346 0.009 0.013 "2025-01-23 10:44:42" NaN NaN
98 set18 4092003.79923 597268.05898 4.461 -121.9072668525 36.9691127244 -28.8 0 Fix 16 1.346 0.009 0.013 "2025-01-23 10:45:07" NaN NaN
99 set18 4091988.76031 597270.33194 3.435 -121.9072432596 36.9689769461 -29.827 0 Fix 15 1.345 0.009 0.013 "2025-01-23 10:45:31" NaN NaN
100 set18 4091997.10347 597282.9088 4.689 -121.9071009165 36.9690508413 -28.572 0 Fix 16 1.345 0.009 0.013 "2025-01-23 10:45:58" NaN NaN
101 set18 4091995.91868 597295.68922 5.277 -121.9069575147 36.9690388414 -27.985 0 Fix 16 1.344 0.009 0.013 "2025-01-23 10:46:28" NaN NaN
103 set19 4092009.16638 597313.57283 4.811 -121.9067549317 36.9691563911 -28.45 0 Fix 16 1.339 0.009 0.013 "2025-01-23 10:49:24" NaN NaN
104 set19 4091994.58575 597314.08934 5.023 -121.9067510095 36.9690249249 -28.238 0 Fix 16 1.338 0.009 0.013 "2025-01-23 10:49:51" NaN NaN
105 set19 4092000.43102 597301.91329 4.998 -121.906887022 36.9690788666 -28.263 0 Fix 16 1.337 0.009 0.013 "2025-01-23 10:50:27" NaN NaN
106 set19 4092007.62785 597299.37195 4.736 -121.9069146398 36.9691439933 -28.525 0 Fix 16 1.335 0.009 0.013 "2025-01-23 10:51:03" NaN NaN
107 set19 4092022.87005 597299.80792 5.115 -121.9069077782 36.9692813236 -28.145 0 Fix 16 1.334 0.009 0.013 "2025-01-23 10:51:28" NaN NaN
108 set20 4091981.34461 597300.48558 4.258 -121.9069055186 36.9689069917 -29.004 0 Fix 16 1.329 0.009 0.014 "2025-01-23 10:53:05" NaN NaN
109 set20 4091981.40616 597281.88784 3.774 -121.9071144071 36.9689094696 -29.489 0 Fix 16 1.327 0.009 0.014 "2025-01-23 10:53:41" NaN NaN
110 set20 4091980.47618 597313.39984 5.13 -121.906760573 36.968897829 -28.132 0 Fix 16 1.324 0.009 0.013 "2025-01-23 10:54:20" NaN NaN
111 set20 4091967.11921 597308.00694 3.486 -121.9068228697 36.9687780027 -29.777 0 Fix 16 1.323 0.009 0.013 "2025-01-23 10:54:46" NaN NaN
112 set20 4091961.74798 597322.7762 3.924 -121.9066576689 36.968728065 -29.339 0 Fix 16 1.32 0.009 0.014 "2025-01-23 10:55:21" NaN NaN
113 set21 4091948.85385 597352.92536 4.447 -121.9063206864 36.9686087333 -28.816 0 Fix 16 1.308 0.009 0.014 "2025-01-23 10:58:13" NaN NaN
114 set21 4091948.53115 597338.11986 3.448 -121.9064870279 36.9686073567 -29.815 0 Fix 16 1.306 0.009 0.014 "2025-01-23 10:58:36" NaN NaN
115 set21 4091959.99089 597336.43495 4.135 -121.9065044758 36.9687108157 -29.128 0 Fix 16 1.305 0.009 0.014 "2025-01-23 10:59:01" NaN NaN
116 set21 4091974.62349 597335.81332 4.845 -121.9065095716 36.9688427612 -28.417 0 Fix 16 1.303 0.009 0.014 "2025-01-23 10:59:26" NaN NaN
117 set21 4091978.64862 597347.50113 4.623 -121.9063777711 36.9688778298 -28.639 0 Fix 16 1.301 0.009 0.014 "2025-01-23 10:59:52" NaN NaN
118 set22 4091976.42289 597367.43356 4.965 -121.9061541701 36.968855707 -28.297 0 Fix 16 1.272 0.008 0.014 "2025-01-23 11:03:03" NaN NaN
119 set22 4091964.11728 597380.88733 4.464 -121.9060046401 36.9687434063 -28.798 0 Fix 16 1.271 0.009 0.015 "2025-01-23 11:03:42" NaN NaN
120 set22 4091952.20522 597382.27452 4.689 -121.9059905952 36.9686359013 -28.574 0 Fix 16 1.271 0.009 0.015 "2025-01-23 11:04:04" NaN NaN
121 set22 4091960.10846 597363.49764 4.396 -121.9062004838 36.9687090751 -28.867 0 Fix 16 1.27 0.009 0.015 "2025-01-23 11:04:48" NaN NaN
122 set22 4091949.40295 597363.56025 4.429 -121.9062011612 36.9686125818 -28.834 0 Fix 15 1.298 0.009 0.015 "2025-01-23 11:05:36" NaN NaN
123 set23 4091927.10863 597370.11108 3.263 -121.9061304557 36.9684109689 -30.001 0 Fix 15 1.507 0.009 0.014 "2025-01-23 11:08:16" NaN NaN
124 set23 4091929.72752 597381.11499 4.057 -121.9060065189 36.9684334336 -29.207 0 Fix 15 1.508 0.009 0.015 "2025-01-23 11:08:43" NaN NaN
125 set23 4091935.11053 597386.19578 4.76 -121.9059487556 36.9684814239 -28.504 0 Fix 15 1.509 0.009 0.015 "2025-01-23 11:09:12" NaN NaN
126 set23 4091938.40075 597394.90143 5.055 -121.9058505468 36.9685101769 -28.208 0 Fix 15 1.511 0.009 0.015 "2025-01-23 11:09:38" NaN NaN
127 set23 4091953.53948 597407.57247 4.752 -121.9057062687 36.9686453079 -28.51 0 Fix 15 1.513 0.009 0.015 "2025-01-23 11:10:51" NaN NaN
128 set24 4091936.71768 597422.37035 4.79 -121.9055422251 36.9684921638 -28.473 0 Fix 16 1.289 0.008 0.014 "2025-01-23 11:12:21" NaN NaN
129 set24 4091923.70678 597411.55981 5.05 -121.905665331 36.9683760181 -28.214 0 Fix 16 1.291 0.008 0.014 "2025-01-23 11:12:52" NaN NaN
130 set24 4091916.6371 597402.41201 4.25 -121.9057689938 36.9683132474 -29.015 0 Fix 16 1.293 0.008 0.014 "2025-01-23 11:13:18" NaN NaN
131 set24 4091902.0628 597426.75056 4.361 -121.9054974976 36.9681793717 -28.904 0 Fix 16 1.295 0.009 0.015 "2025-01-23 11:13:52" NaN NaN
132 set24 4091920.62543 597452.78097 4.711 -121.9052027216 36.9683439777 -28.552 0 Fix 16 1.301 0.008 0.014 "2025-01-23 11:15:29" NaN NaN
133 set25 4091891.96337 597482.88739 5.039 -121.9048682592 36.9680825326 -28.226 0 Fix 15 1.397 0.008 0.015 "2025-01-23 11:18:46" NaN NaN
134 set25 4091889.2228 597458.80083 4.649 -121.9051391587 36.9680603276 -28.616 0 Fix 16 1.314 0.008 0.014 "2025-01-23 11:19:59" NaN NaN
135 set25 4091885.49197 597439.42484 3.498 -121.9053572757 36.9680287091 -29.768 0 Fix 17 1.287 0.008 0.014 "2025-01-23 11:20:52" NaN NaN
136 set25 4091875.83481 597456.81728 3.56 -121.9051631667 36.9679398695 -29.706 0 Fix 16 1.352 0.008 0.014 "2025-01-23 11:21:24" NaN NaN
137 set25 4091877.36422 597476.66761 4.381 -121.9049400062 36.9679515974 -28.885 0 Fix 16 1.355 0.008 0.014 "2025-01-23 11:21:54" NaN NaN
138 set26 4091878.71245 597500.28264 5.296 -121.9046745832 36.967961302 -27.969 0 Fix 16 1.368 0.008 0.014 "2025-01-23 11:24:36" NaN NaN
139 set26 4091868.51432 597511.96671 4.945 -121.9045446625 36.9678681771 -28.321 0 Fix 16 1.371 0.008 0.014 "2025-01-23 11:25:18" NaN NaN
140 set26 4091864.18915 597490.69312 3.768 -121.9047841701 36.9678313996 -29.498 0 Fix 16 1.373 0.008 0.014 "2025-01-23 11:25:50" NaN NaN
141 set26 4091853.63179 597515.15127 4.046 -121.9045108152 36.9677337134 -29.221 0 Fix 16 1.376 0.008 0.014 "2025-01-23 11:26:22" NaN NaN
142 set26 4091866.2784 597534.1067 5.159 -121.9042962708 36.9678457303 -28.107 0 Fix 15 1.425 0.008 0.015 "2025-01-23 11:27:02" NaN NaN
